Lol 1 1.000000 1
lol 1 11.0 1
lol 23456789 11.0 1
fghj 5 7.0 5
fghj 5 7.0 5
moi 9999 70.0 88
uigyuuo 8993 12.0 90
helmi 50050 3.25 58
ndnf 554 3.0 3
ndnf 4439843 4.6 3
jokuab 84382 5.6 78
jokuab 84382 3.7 34
fjsbfc 84382 3.7 34
fjsbfc 84382 3.7 34
fjsbfc 84382 3.7 34
fjsbfc 84382 3.7 34
fjsbfc 84382 3.7 34
fjsbfc 84382 3.7 34
fjsbfc 84382 3.7 34
Sprite 8498239 1.25 55
Coca-Cola 43983983 1.25 55
Sprite 48723 12.0 67
coca-cola 56456 12.0 67
banaani 23782 12.0 67
Sprite 23490 2.78 55
Sprite 23490 2.78 55
Sprite 23490 2.78 55
Helmi 2 45.0 55
fghjk 876887 5.9 88
fghjk 876899 5.9 88
fghjk 8768999 5.9 88
fghjk 87689990 5.9 88
fghjk 876899900 5.9 88
fghjk 876899900 5.9 88
